id,predicted,actual
295622,0,0
294919,1800,5000
294998,100,0
295526,1600,2000
295453,1000,2000
296662,200,0
295548,200,0
295551,200,0
295704,600,0
295722,0,0
295469,0,0
295472,0,0
295507,0,0
297062,500,1000
296778,0,0
296193,100,0
294401,0,0
294460,0,0
296815,100,0
295644,300,500
296117,200,500
295677,0,0
295606,0,0
295675,0,0
297145,200,0
296297,400,0
295888,0,0
296261,0,0
295935,200,1000
295237,0,0
295351,4200,5000
296337,300,500
296432,700,0
296531,100,0
294666,100,0
294643,300,500
295790,500,1000
294426,800,0
296136,300,1000
295738,400,1000
294751,1800,0
296586,200,500
295046,200,0
295416,200,0
296615,2500,4000
295287,5000,6000
295827,700,0
296053,200,0
294832,800,2000
294700,7000,8000
295178,600,2000
296410,700,2000
295213,500,0
294548,0,0
296471,300,0
294848,100,0
296013,200,0
296717,200,0
296883,0,0
296923,100,0
296956,100,0
296396,0,0
296449,0,0
296450,0,0
296557,0,0
296558,0,0
297109,1600,2000
294508,0,0
295854,0,0
295985,0,0
295989,0,0
294552,0,0
294776,0,0
294532,0,0
294538,0,0
296509,0,0
294956,400,0
294841,0,0
294961,800,0
294966,300,0
296032,0,0
296035,0,0
296036,0,0
295922,0,0
295160,0,0
295161,0,0
296686,0,0
294389,0,0
294396,0,0
295940,0,0
295971,0,0
294482,0,0
294498,0,0
294593,0,0
294349,0,0
294341,200,0
294338,200,0
294336,0,0
294337,0,0
294339,0,0
294340,0,0
294342,0,0
294343,0,0
294344,0,0
294345,0,0
294346,0,0
294347,0,0
294348,0,0
294350,0,0
294351,0,0
294352,0,0
294353,0,0
294354,0,0
294355,0,0
294356,0,0
294357,0,0
294358,0,0
294359,0,0
294360,0,0
294361,0,0
294362,0,0
294363,0,0
294364,0,0
294365,0,0
294366,0,0
294367,0,0
294368,0,0
294371,0,0
294372,0,0
294374,0,0
294375,0,0
294376,0,0
294378,0,0
294381,0,0
294382,0,0
294383,0,0
294384,0,0
294385,0,0
294386,0,0
294388,0,0
294390,0,0
294391,0,0
294394,0,0
294395,0,0
294397,0,0
294398,0,0
294399,0,0
294400,0,0
294402,0,0
294403,700,0
294392,600,1000
294393,400,0
294380,200,500
294377,700,2000
294387,0,0
294379,200,1000
294369,0,0
294370,0,0
294373,0,0
294404,0,0
294405,0,0
294406,0,0
294407,0,0
294409,0,0
294410,0,0
294411,0,0
294412,0,0
294413,0,0
294414,0,0
294415,0,0
294416,0,0
294417,0,0
294418,0,0
294419,0,0
294420,0,0
294421,0,0
294422,0,0
294423,0,0
294424,0,0
294425,0,0
294427,0,0
294428,0,0
294429,0,0
294430,0,0
294431,100,0
294432,0,0
294433,100,0
294434,100,0
294435,0,0
294436,0,0
294437,800,0
294438,0,0
294439,0,0
294442,0,0
294444,0,0
294445,0,0
294446,0,0
294447,0,0
294448,0,0
294449,0,0
294450,0,0
294451,0,0
294452,0,0
294440,9900,0
294441,5400,0
294443,700,1000
294408,5800,8000
294453,0,0
294454,0,0
294455,0,0
294456,0,0
294457,0,0
294458,0,0
294459,0,0
294461,0,0
294462,0,0
294464,0,0
294467,0,0
294468,0,0
294469,0,0
294470,0,0
294471,0,0
294472,0,0
294473,0,0
294474,0,0
294475,0,0
294476,0,0
294478,0,0
294479,0,0
294480,0,0
294481,0,0
294483,0,0
294484,0,0
294485,0,0
294489,0,0
294490,0,0
294492,0,0
294496,0,0
294499,0,0
294501,0,0
294463,10200,14000
294500,0,0
294493,2300,3000
294466,0,0
294488,200,0
294494,0,0
294495,0,0
294497,0,0
294477,2800,0
294491,0,0
294486,0,0
294465,0,0
294487,0,0
294502,0,0
294503,0,0
294504,0,0
294505,0,0
294506,0,0
294509,0,0
294510,0,0
294511,0,0
294512,0,0
294514,0,0
294515,0,0
294516,0,0
294518,0,0
294519,0,0
294520,100,0
294522,0,0
294524,0,0
294525,0,0
294526,0,0
294527,0,0
294530,0,0
294533,0,0
294534,0,0
294535,0,0
294537,0,0
294539,0,0
294540,0,0
294542,0,0
294543,0,0
294544,0,0
294545,0,0
294546,0,0
294547,0,0
294549,200,0
294550,0,0
294531,1600,2000
294536,0,0
294507,0,0
294541,0,0
294513,0,0
294517,0,0
294528,0,0
294523,0,0
294521,100,0
294529,0,0
294551,0,0
294554,0,0
294555,0,0
294556,0,0
294560,0,0
294561,0,0
294562,0,0
294563,0,0
294564,0,0
294567,0,0
294568,0,0
294572,0,0
294573,0,0
294574,0,0
294575,0,0
294576,0,0
294577,0,0
294578,0,0
294579,0,0
294580,0,0
294582,0,0
294583,0,0
294584,0,0
294585,0,0
294588,0,0
294589,0,0
294590,0,0
294591,0,0
294594,0,0
294595,0,0
294596,0,0
294597,0,0
294598,0,0
294599,0,0
294557,1400,2500
294558,0,0
294559,3400,5000
294592,200,0
294553,0,0
294569,0,0
294565,0,0
294581,1000,1000
294566,0,0
294570,0,0
294586,0,0
294587,500,1000
294571,0,0
294600,0,0
294601,0,0
294602,0,0
294604,0,0
294606,0,0
294607,0,0
294608,0,0
294609,0,0
294610,0,0
294611,0,0
294613,0,0
294616,0,0
294617,0,0
294618,0,0
294619,0,0
294620,0,0
294621,0,0
294622,0,0
294623,0,0
294624,0,0
294625,0,0
294628,0,0
294629,0,0
294631,0,0
294633,0,0
294634,0,0
294636,0,0
294638,0,0
294639,0,0
294640,0,0
294641,0,0
294644,0,0
294645,0,0
294648,0,0
294647,300,500
294614,0,0
294642,300,0
294615,600,1000
294626,200,0
294646,1500,0
294637,2800,3000
294632,200,0
294635,1200,0
294630,200,0
294627,900,1000
294603,500,0
294605,0,0
294612,0,0
294649,0,0
294650,0,0
294651,0,0
294652,0,0
294653,0,0
294654,0,0
294655,0,0
294657,0,0
294658,0,0
294659,0,0
294660,0,0
294661,0,0
294662,0,0
294664,0,0
294667,0,0
294668,0,0
294669,0,0
294670,0,0
294671,0,0
294672,0,0
294673,0,0
294674,0,0
294675,0,0
294677,0,0
294678,0,0
294679,0,0
294680,0,0
294681,0,0
294682,0,0
294683,0,0
294687,0,0
294689,0,0
294690,0,0
294691,0,0
294692,0,0
294693,0,0
294694,0,0
294695,0,0
294696,0,0
294697,0,0
294665,3100,3000
294688,2500,3000
294676,1200,2000
294684,100,0
294663,200,0
294656,0,0
294686,100,0
294685,200,0
294698,0,0
294699,0,0
294701,0,0
294702,0,0
294703,0,0
294704,0,0
294705,0,0
294706,0,0
294707,0,0
294708,0,0
294711,0,0
294713,0,0
294715,0,0
294716,0,0
294717,0,0
294718,0,0
294719,0,0
294720,0,0
294721,0,0
294722,0,0
294723,0,0
294724,0,0
294725,0,0
294726,0,0
294727,0,0
294728,0,0
294729,0,0
294730,0,0
294731,0,0
294733,0,0
294734,0,0
294735,0,0
294736,0,0
294737,0,0
294738,0,0
294739,0,0
294740,0,0
294741,0,0
294742,0,0
294743,0,0
294744,0,0
294745,0,0
294746,0,0
294714,0,0
294710,200,0
294712,200,500
294709,200,500
294732,100,0
294748,0,0
294749,0,0
294750,0,0
294752,0,0
294753,0,0
294754,0,0
294755,0,0
294756,0,0
294757,0,0
294759,0,0
294760,0,0
294761,0,0
294762,0,0
294763,0,0
294764,0,0
294765,0,0
294766,0,0
294767,0,0
294768,0,0
294769,0,0
294770,0,0
294771,0,0
294772,0,0
294773,0,0
294774,0,0
294777,0,0
294778,0,0
294780,0,0
294781,0,0
294782,0,0
294783,0,0
294784,0,0
294785,0,0
294786,0,0
294787,0,0
294788,0,0
294789,0,0
294790,0,0
294792,0,0
294793,0,0
294794,0,0
294795,0,0
294758,100,0
294747,1300,2000
294779,0,0
294791,0,0
294775,0,0
294796,0,0
294797,0,0
294798,0,0
294799,0,0
294800,100,0
294801,0,0
294802,0,0
294803,0,0
294806,0,0
294807,0,0
294808,0,0
294809,0,0
294810,0,0
294812,0,0
294814,0,0
294815,0,0
294818,0,0
294819,0,0
294820,0,0
294821,0,0
294824,0,0
294825,0,0
294826,0,0
294827,0,0
294830,0,0
294831,0,0
294835,0,0
294838,0,0
294839,0,0
294842,0,0
294843,0,0
294844,0,0
294804,800,0
294811,1100,1000
294828,1300,1000
294833,1200,0
294816,0,0
294823,0,0
294837,0,0
294817,4400,5000
294813,1200,0
294836,0,0
294829,1300,0
294805,2900,4000
294834,0,0
294822,1000,2000
294840,600,1000
294845,0,0
294846,0,0
294847,0,0
294849,0,0
294850,0,0
294852,0,0
294853,0,0
294854,0,0
294855,0,0
294856,0,0
294857,0,0
294859,0,0
294860,0,0
294861,0,0
294862,0,0
294863,0,0
294864,-100,0
294865,0,0
294866,0,0
294868,0,0
294869,0,0
294871,0,0
294872,0,0
294873,0,0
294874,0,0
294875,0,0
294876,0,0
294877,0,0
294878,0,0
294879,0,0
294880,0,0
294882,0,0
294883,0,0
294884,0,0
294885,0,0
294887,0,0
294888,0,0
294889,0,0
294890,0,0
294891,0,0
294892,0,0
294893,0,0
294881,600,1000
294867,1300,1000
294851,0,0
294870,300,0
294886,0,0
294858,0,0
294894,0,0
294895,0,0
294896,0,0
294898,0,0
294899,0,0
294900,0,0
294901,0,0
294902,0,0
294904,0,0
294905,0,0
294908,0,0
294909,0,0
294910,0,0
294911,0,0
294912,0,0
294913,0,0
294915,0,0
294917,0,0
294918,0,0
294920,0,0
294921,0,0
294922,0,0
294923,0,0
294925,0,0
294926,0,0
294927,0,0
294928,0,0
294929,0,0
294930,0,0
294931,0,0
294932,0,0
294933,0,0
294934,0,0
294935,0,0
294936,0,0
294937,0,0
294938,0,0
294939,0,0
294940,0,0
294941,0,0
294942,0,0
294924,200,0
294916,200,0
294897,1500,0
294906,1800,2000
294914,600,1000
294907,0,0
294903,0,0
294943,0,0
294944,0,0
294945,0,0
294946,0,0
294947,0,0
294948,0,0
294949,0,0
294950,0,0
294951,0,0
294952,0,0
294953,0,0
294954,0,0
294955,0,0
294957,0,0
294958,0,0
294964,0,0
294965,0,0
294967,0,0
294969,0,0
294970,0,0
294971,0,0
294972,0,0
294973,0,0
294976,0,0
294978,0,0
294979,0,0
294981,0,0
294983,0,0
294984,0,0
294988,0,0
294989,0,0
294991,0,0
294959,900,0
294962,1700,2000
294963,1700,2000
294960,4700,5000
294982,300,0
294975,700,0
294968,0,0
294977,700,1000
294974,0,0
294990,300,1000
294980,0,0
294987,600,0
294986,6500,8000
294985,800,1000
294992,0,0
294994,0,0
294996,300,0
294999,0,0
295000,0,0
295001,0,0
295002,0,0
295003,0,0
295004,0,0
295006,0,0
295007,0,0
295008,0,0
295009,0,0
295010,0,0
295011,0,0
295012,0,0
295013,0,0
295014,0,0
295015,0,0
295017,0,0
295018,0,0
295019,0,0
295020,0,0
295022,0,0
295023,0,0
295025,0,0
295026,0,0
295027,0,0
295028,0,0
295029,0,0
295030,0,0
295031,0,0
295032,0,0
295034,0,0
295035,0,0
295036,0,0
295037,0,0
295038,0,0
295039,0,0
295040,0,0
295005,200,500
295033,100,0
295016,200,0
295021,300,0
294997,10600,20000
295024,200,0
294995,5200,6000
294993,0,0
295041,0,0
295042,0,0
295043,0,0
295044,0,0
295045,0,0
295047,0,0
295049,0,0
295050,0,0
295051,0,0
295052,0,0
295053,0,0
295054,0,0
295055,0,0
295056,0,0
295057,0,0
295060,0,0
295061,0,0
295062,0,0
295063,0,0
295064,0,0
295065,0,0
295066,0,0
295067,0,0
295070,0,0
295071,0,0
295073,0,0
295074,0,0
295075,0,0
295076,0,0
295077,0,0
295078,0,0
295079,0,0
295080,0,0
295081,0,0
295082,0,0
295083,0,0
295084,0,0
295085,0,0
295086,0,0
295087,0,0
295088,0,0
295089,0,0
295048,0,0
295058,200,0
295068,6300,8000
295059,100,0
295069,200,500
295072,0,0
295091,0,0
295092,0,0
295093,0,0
295090,200,0
295095,0,0
295096,0,0
295097,0,0
295098,0,0
295099,0,0
295100,0,0
295101,0,0
295102,0,0
295103,0,0
295104,0,0
295105,0,0
295106,0,0
295107,0,0
295108,0,0
295109,0,0
295110,0,0
295111,0,0
295112,0,0
295113,0,0
295114,0,0
295115,0,0
295116,0,0
295117,0,0
295118,0,0
295119,0,0
295120,0,0
295121,0,0
295122,0,0
295123,0,0
295124,0,0
295125,0,0
295126,0,0
295127,100,0
295128,0,0
295129,0,0
295130,0,0
295131,0,0
295132,0,0
295133,0,0
295135,0,0
295136,0,0
295137,0,0
295134,0,0
295138,0,0
295139,0,0
295140,0,0
295141,0,0
295142,0,0
295143,0,0
295144,0,0
295146,0,0
295148,100,0
295149,0,0
295152,0,0
295153,0,0
295155,0,0
295156,0,0
295157,0,0
295158,0,0
295163,0,0
295164,0,0
295165,0,0
295166,0,0
295167,0,0
295168,0,0
295169,0,0
295170,0,0
295171,0,0
295172,0,0
295173,0,0
295174,0,0
295175,0,0
295176,0,0
295177,0,0
295179,0,0
295180,0,0
295181,0,0
295182,0,0
295183,0,0
295186,0,0
295187,0,0
295185,800,0
295184,2100,2000
295162,0,0
295147,2100,3000
295154,0,0
295150,0,0
295145,100,0
295151,0,0
295159,0,0
295188,0,0
295189,0,0
295191,0,0
295193,0,0
295194,0,0
295195,0,0
295196,0,0
295197,0,0
295198,0,0
295199,0,0
295200,0,0
295201,0,0
295202,0,0
295204,0,0
295205,0,0
295206,0,0
295207,0,0
295208,0,0
295209,0,0
295211,0,0
295212,0,0
295214,0,0
295215,0,0
295216,0,0
295217,0,0
295218,0,0
295219,0,0
295220,0,0
295221,0,0
295222,0,0
295223,0,0
295224,0,0
295225,0,0
295227,0,0
295228,0,0
295230,0,0
295231,0,0
295232,0,0
295233,0,0
295234,0,0
295235,0,0
295236,0,0
295203,500,0
295226,7200,0
295210,200,0
295229,2700,0
295190,300,0
295192,0,0
295238,0,0
295239,0,0
295240,0,0
295241,0,0
295242,0,0
295243,0,0
295244,0,0
295245,0,0
295246,0,0
295247,100,0
295248,0,0
295249,0,0
295250,0,0
295251,0,0
295253,0,0
295254,0,0
295255,0,0
295256,0,0
295257,0,0
295258,0,0
295259,100,0
295260,0,0
295261,0,0
295262,0,0
295263,0,0
295265,0,0
295266,0,0
295267,0,0
295268,0,0
295270,0,0
295271,0,0
295272,0,0
295274,0,0
295275,0,0
295276,0,0
295279,0,0
295281,0,0
295283,0,0
295284,0,0
295285,0,0
295252,100,0
295264,700,1000
295269,200,0
295278,200,0
295277,1900,3000
295273,200,0
295280,100,0
295282,1000,0
295286,0,0
295288,0,0
295289,0,0
295290,0,0
295292,0,0
295293,0,0
295294,0,0
295295,0,0
295296,0,0
295297,0,0
295298,0,0
295299,0,0
295301,0,0
295302,0,0
295303,0,0
295306,0,0
295307,0,0
295309,0,0
295310,0,0
295311,0,0
295312,0,0
295313,0,0
295314,0,0
295315,0,0
295316,0,0
295317,0,0
295318,0,0
295319,0,0
295320,0,0
295321,0,0
295322,0,0
295324,0,0
295325,0,0
295326,0,0
295327,0,0
295329,0,0
295330,0,0
295331,0,0
295332,0,0
295333,0,0
295334,0,0
295304,200,0
295305,1300,0
295300,700,0
295323,300,0
295308,200,0
295291,0,0
295328,0,0
295335,0,0
295336,0,0
295337,0,0
295338,0,0
295339,0,0
295340,0,0
295341,0,0
295342,0,0
295343,0,0
295344,0,0
295345,0,0
295346,0,0
295347,0,0
295348,0,0
295349,0,0
295350,0,0
295352,0,0
295354,0,0
295355,0,0
295356,0,0
295357,0,0
295359,0,0
295360,0,0
295361,0,0
295362,0,0
295363,0,0
295364,0,0
295365,0,0
295366,0,0
295368,0,0
295369,0,0
295370,0,0
295371,0,0
295372,0,0
295375,0,0
295376,0,0
295378,100,0
295379,0,0
295380,0,0
295381,0,0
295383,0,0
295367,2100,5000
295373,600,0
295374,200,500
295353,2400,3000
295377,6800,8000
295382,400,0
295358,0,0
295384,0,0
295385,0,0
295386,0,0
295387,0,0
295388,0,0
295389,0,0
295390,0,0
295391,0,0
295393,0,0
295394,0,0
295395,0,0
295396,0,0
295397,0,0
295398,0,0
295399,0,0
295400,0,0
295401,0,0
295402,0,0
295403,0,0
295404,0,0
295405,0,0
295406,0,0
295407,0,0
295408,0,0
295410,0,0
295411,0,0
295413,0,0
295414,0,0
295415,0,0
295417,300,0
295418,0,0
295419,0,0
295421,0,0
295422,0,0
295423,0,0
295424,0,0
295425,0,0
295426,0,0
295427,0,0
295428,0,0
295431,0,0
295432,0,0
295412,0,0
295429,200,0
295392,600,0
295430,200,500
295420,100,0
295409,0,0
295433,0,0
295434,0,0
295435,0,0
295437,0,0
295438,0,0
295439,0,0
295440,0,0
295441,0,0
295442,0,0
295443,0,0
295444,0,0
295445,0,0
295446,0,0
295447,0,0
295448,0,0
295449,0,0
295450,0,0
295451,0,0
295452,0,0
295454,0,0
295455,0,0
295456,0,0
295457,0,0
295458,0,0
295459,0,0
295460,0,0
295461,0,0
295462,0,0
295463,0,0
295465,0,0
295466,0,0
295467,0,0
295470,0,0
295471,0,0
295473,0,0
295475,0,0
295476,0,0
295477,0,0
295478,0,0
295479,0,0
295480,0,0
295481,0,0
295436,2900,0
295464,0,0
295474,0,0
295468,0,0
295482,0,0
295483,0,0
295485,0,0
295486,0,0
295487,0,0
295488,0,0
295489,0,0
295492,0,0
295493,0,0
295495,0,0
295496,0,0
295497,0,0
295498,0,0
295499,0,0
295500,0,0
295501,0,0
295502,0,0
295504,0,0
295505,0,0
295506,0,0
295508,0,0
295509,0,0
295510,0,0
295511,0,0
295512,0,0
295513,0,0
295514,0,0
295515,0,0
295516,0,0
295517,0,0
295518,0,0
295519,0,0
295520,0,0
295521,0,0
295522,0,0
295523,0,0
295524,0,0
295525,0,0
295527,0,0
295528,0,0
295530,0,0
295529,500,0
295490,100,0
295494,0,0
295491,0,0
295503,0,0
295484,0,0
295531,0,0
295532,0,0
295533,0,0
295534,0,0
295535,0,0
295536,0,0
295539,0,0
295542,0,0
295543,0,0
295544,0,0
295545,0,0
295546,0,0
295547,0,0
295550,0,0
295552,0,0
295553,0,0
295554,0,0
295555,0,0
295556,0,0
295557,0,0
295558,0,0
295559,0,0
295560,0,0
295561,0,0
295563,0,0
295564,0,0
295565,0,0
295566,0,0
295567,0,0
295568,0,0
295569,0,0
295570,0,0
295571,0,0
295572,0,0
295573,0,0
295574,0,0
295575,0,0
295576,0,0
295577,100,0
295578,0,0
295579,0,0
295541,500,0
295549,0,0
295540,800,2000
295537,0,0
295538,0,0
295562,600,1000
295580,0,0
295581,0,0
295582,0,0
295583,0,0
295584,0,0
295586,0,0
295588,0,0
295589,0,0
295591,0,0
295592,0,0
295593,0,0
295594,0,0
295595,0,0
295596,0,0
295597,0,0
295598,0,0
295599,0,0
295600,0,0
295601,0,0
295602,0,0
295603,0,0
295605,0,0
295607,0,0
295608,0,0
295609,0,0
295610,0,0
295611,0,0
295613,0,0
295614,0,0
295615,0,0
295616,0,0
295618,0,0
295619,0,0
295621,0,0
295624,0,0
295625,0,0
295626,0,0
295627,0,0
295585,100,0
295590,200,1000
295628,100,0
295587,200,500
295620,0,0
295617,0,0
295604,0,0
295612,0,0
295623,0,0
295630,0,0
295631,0,0
295632,0,0
295634,0,0
295635,0,0
295637,0,0
295638,0,0
295639,0,0
295641,0,0
295643,0,0
295645,0,0
295647,0,0
295648,0,0
295649,0,0
295651,0,0
295652,0,0
295653,0,0
295654,0,0
295655,0,0
295656,0,0
295657,0,0
295658,0,0
295659,0,0
295660,0,0
295661,0,0
295662,0,0
295665,0,0
295666,0,0
295667,0,0
295668,0,0
295669,0,0
295670,0,0
295672,0,0
295674,0,0
295676,0,0
295633,200,1000
295646,0,0
295671,0,0
295650,0,0
295663,0,0
295642,0,0
295629,0,0
295640,0,0
295664,0,0
295636,0,0
295673,0,0
295678,0,0
295680,0,0
295681,0,0
295683,0,0
295684,0,0
295685,0,0
295686,0,0
295689,0,0
295690,0,0
295691,0,0
295692,0,0
295694,0,0
295696,0,0
295698,0,0
295699,0,0
295701,0,0
295703,0,0
295705,0,0
295706,0,0
295707,0,0
295708,0,0
295709,0,0
295710,0,0
295711,0,0
295712,100,0
295713,0,0
295714,0,0
295716,0,0
295717,0,0
295718,0,0
295719,0,0
295720,0,0
295721,0,0
295724,0,0
295725,0,0
295726,0,0
295682,200,1000
295679,0,0
295715,0,0
295695,800,2000
295723,0,0
295697,100,0
295693,900,2000
295688,700,0
295687,500,0
295702,0,0
295700,0,0
295727,0,0
295728,0,0
295730,0,0
295731,0,0
295732,0,0
295733,0,0
295734,0,0
295735,0,0
295737,0,0
295739,0,0
295740,0,0
295741,0,0
295742,0,0
295743,0,0
295744,0,0
295745,0,0
295746,0,0
295747,0,0
295748,0,0
295749,0,0
295750,0,0
295751,0,0
295752,0,0
295753,0,0
295754,0,0
295756,0,0
295757,0,0
295758,0,0
295760,0,0
295761,0,0
295762,0,0
295763,0,0
295764,0,0
295765,0,0
295766,0,0
295768,0,0
295770,0,0
295771,0,0
295772,0,0
295773,0,0
295774,0,0
295775,0,0
295759,400,1000
295736,300,500
295729,900,1000
295755,600,1000
295767,100,0
295769,8700,10000
295776,0,0
295777,0,0
295778,0,0
295779,0,0
295780,0,0
295781,0,0
295782,0,0
295783,0,0
295784,0,0
295785,0,0
295786,0,0
295787,0,0
295788,0,0
295789,0,0
295791,0,0
295792,0,0
295793,0,0
295795,0,0
295796,0,0
295797,0,0
295798,0,0
295799,0,0
295800,0,0
295801,0,0
295802,0,0
295803,0,0
295804,0,0
295806,0,0
295808,0,0
295809,0,0
295810,0,0
295811,0,0
295812,0,0
295813,0,0
295814,0,0
295815,0,0
295816,0,0
295817,0,0
295818,0,0
295819,0,0
295820,0,0
295821,0,0
295822,0,0
295823,0,0
295824,0,0
295794,200,500
295807,1400,2000
295805,800,2000
295825,0,0
295826,0,0
295828,0,0
295829,0,0
295830,0,0
295831,0,0
295832,0,0
295833,0,0
295834,0,0
295835,0,0
295836,0,0
295837,0,0
295838,0,0
295840,0,0
295843,0,0
295844,0,0
295845,0,0
295847,0,0
295848,0,0
295849,0,0
295850,0,0
295855,0,0
295856,0,0
295857,0,0
295858,0,0
295859,0,0
295860,0,0
295861,0,0
295863,0,0
295867,0,0
295868,0,0
295871,0,0
295872,0,0
295852,7300,8000
295870,400,2500
295851,0,0
295853,0,0
295869,0,0
295839,0,0
295862,0,0
295841,0,0
295873,0,0
295846,0,0
295842,0,0
295864,0,0
295865,0,0
295866,0,0
295875,0,0
295876,0,0
295877,0,0
295878,0,0
295879,0,0
295880,0,0
295881,-100,0
295882,0,0
295883,0,0
295884,0,0
295885,0,0
295886,0,0
295887,0,0
295889,0,0
295890,0,0
295891,0,0
295893,0,0
295894,0,0
295895,0,0
295896,0,0
295898,0,0
295900,0,0
295902,0,0
295904,0,0
295905,0,0
295906,0,0
295907,0,0
295909,0,0
295910,0,0
295911,0,0
295912,0,0
295913,0,0
295914,0,0
295915,0,0
295916,0,0
295917,0,0
295918,0,0
295919,0,0
295920,0,0
295908,1000,1500
295901,0,0
295899,0,0
295903,200,0
295897,0,0
295921,0,0
295892,0,0
295874,0,0
295923,0,0
295924,0,0
295925,0,0
295927,0,0
295928,0,0
295931,0,0
295932,0,0
295933,0,0
295934,0,0
295936,0,0
295937,0,0
295938,0,0
295941,0,0
295942,0,0
295943,0,0
295944,0,0
295946,0,0
295948,0,0
295949,0,0
295950,0,0
295951,0,0
295952,0,0
295953,0,0
295954,0,0
295956,0,0
295957,0,0
295959,0,0
295960,0,0
295961,0,0
295962,0,0
295964,0,0
295967,0,0
295968,0,0
295969,0,0
295955,600,1000
295945,0,0
295947,0,0
295966,100,0
295965,0,0
295963,0,0
295929,0,0
295958,300,0
295970,0,0
295926,0,0
295939,0,0
295930,0,0
295972,0,0
295975,0,0
295976,0,0
295977,0,0
295981,0,0
295983,0,0
295984,0,0
295986,0,0
295987,0,0
295988,0,0
295990,0,0
295993,0,0
295994,0,0
295995,0,0
295997,0,0
296000,0,0
296001,0,0
296002,0,0
296003,0,0
296004,0,0
296005,0,0
296006,0,0
296007,0,0
296008,0,0
296009,0,0
296010,0,0
296012,0,0
296014,0,0
296015,0,0
296016,0,0
296017,0,0
296019,0,0
296011,900,0
296020,500,1000
295973,0,0
296018,300,1000
295998,0,0
295974,0,0
295978,0,0
295979,0,0
295996,0,0
295999,0,0
295991,0,0
295992,0,0
295980,0,0
295982,0,0
296021,0,0
296022,0,0
296023,0,0
296024,0,0
296025,0,0
296026,0,0
296027,0,0
296028,0,0
296029,0,0
296030,0,0
296033,0,0
296034,0,0
296037,0,0
296038,0,0
296039,0,0
296040,0,0
296041,0,0
296042,0,0
296044,0,0
296045,0,0
296046,0,0
296047,0,0
296048,0,0
296049,0,0
296050,0,0
296051,0,0
296052,0,0
296054,0,0
296055,0,0
296056,0,0
296057,0,0
296058,0,0
296060,0,0
296061,0,0
296062,0,0
296063,100,0
296064,100,0
296065,0,0
296066,0,0
296067,0,0
296068,0,0
296069,0,0
296059,300,0
296043,0,0
296031,0,0
296070,0,0
296071,0,0
296072,0,0
296073,0,0
296075,0,0
296076,0,0
296077,0,0
296078,0,0
296079,0,0
296080,0,0
296082,0,0
296084,0,0
296085,0,0
296086,300,0
296087,0,0
296088,0,0
296089,0,0
296090,0,0
296091,0,0
296092,0,0
296095,0,0
296096,0,0
296097,0,0
296098,0,0
296099,100,0
296100,0,0
296101,0,0
296102,0,0
296103,0,0
296104,0,0
296105,0,0
296107,0,0
296108,0,0
296110,0,0
296111,0,0
296112,0,0
296114,0,0
296115,0,0
296116,0,0
296118,0,0
296109,1000,1500
296083,900,1500
296074,100,0
296081,200,0
296106,600,1000
296113,200,0
296094,0,0
296093,200,0
296119,0,0
296120,100,0
296121,0,0
296122,0,0
296123,0,0
296125,0,0
296126,0,0
296127,0,0
296128,0,0
296129,0,0
296130,0,0
296131,0,0
296132,0,0
296133,0,0
296134,0,0
296137,0,0
296138,0,0
296139,0,0
296140,0,0
296141,0,0
296142,0,0
296143,0,0
296144,0,0
296145,0,0
296146,0,0
296147,0,0
296148,0,0
296149,0,0
296150,0,0
296151,0,0
296154,0,0
296155,0,0
296156,0,0
296157,0,0
296158,0,0
296159,0,0
296160,0,0
296162,0,0
296163,0,0
296164,0,0
296165,0,0
296166,0,0
296167,0,0
296135,1200,1500
296124,500,1000
296161,0,0
296152,0,0
296153,0,0
296169,0,0
296170,0,0
296171,0,0
296172,0,0
296173,0,0
296174,0,0
296175,0,0
296176,0,0
296177,0,0
296178,0,0
296179,0,0
296184,0,0
296185,0,0
296186,0,0
296189,0,0
296190,0,0
296191,0,0
296194,0,0
296195,0,0
296197,0,0
296199,0,0
296200,0,0
296201,0,0
296203,0,0
296204,0,0
296205,0,0
296206,0,0
296208,0,0
296211,0,0
296212,0,0
296213,0,0
296214,0,0
296215,0,0
296216,0,0
296192,400,0
296210,200,0
296209,6800,8000
296188,200,0
296180,200,500
296196,200,0
296202,300,500
296198,400,500
296207,0,0
296187,1100,0
296168,300,500
296183,0,0
296181,0,0
296182,0,0
296217,0,0
296218,0,0
296219,0,0
296221,0,0
296222,0,0
296223,0,0
296224,0,0
296225,0,0
296226,0,0
296227,0,0
296229,0,0
296230,0,0
296231,0,0
296234,0,0
296235,0,0
296236,0,0
296237,0,0
296238,0,0
296239,0,0
296241,0,0
296242,0,0
296243,0,0
296244,0,0
296245,0,0
296246,0,0
296247,0,0
296248,0,0
296249,0,0
296250,0,0
296252,0,0
296253,0,0
296254,0,0
296255,0,0
296257,0,0
296258,0,0
296259,0,0
296262,0,0
296263,0,0
296264,0,0
296265,0,0
296251,100,0
296228,200,0
296220,300,0
296256,100,0
296240,200,0
296260,500,0
296232,0,0
296233,0,0
296266,0,0
296267,0,0
296268,0,0
296269,0,0
296270,0,0
296271,0,0
296272,100,0
296273,0,0
296274,0,0
296275,0,0
296278,100,0
296279,0,0
296281,0,0
296282,100,0
296283,0,0
296284,0,0
296285,0,0
296286,0,0
296287,0,0
296288,0,0
296291,0,0
296292,0,0
296293,0,0
296294,0,0
296295,0,0
296296,0,0
296298,0,0
296299,0,0
296300,0,0
296301,0,0
296302,0,0
296303,0,0
296304,0,0
296306,0,0
296307,0,0
296308,0,0
296310,0,0
296311,0,0
296312,0,0
296313,0,0
296276,800,1500
296289,600,0
296314,0,0
296280,400,1000
296277,1100,2000
296309,2300,3000
296290,0,0
296305,0,0
296316,0,0
296317,0,0
296318,0,0
296319,0,0
296321,0,0
296322,0,0
296323,0,0
296324,0,0
296326,0,0
296327,0,0
296328,0,0
296329,0,0
296330,0,0
296331,0,0
296332,0,0
296336,0,0
296338,0,0
296339,0,0
296340,0,0
296341,0,0
296342,0,0
296343,0,0
296344,0,0
296345,0,0
296347,0,0
296348,0,0
296349,0,0
296350,0,0
296352,0,0
296354,0,0
296355,0,0
296356,0,0
296357,0,0
296358,0,0
296359,0,0
296360,0,0
296361,0,0
296362,0,0
296363,0,0
296315,100,0
296346,600,1000
296320,100,0
296335,100,0
296325,0,0
296351,0,0
296353,400,1000
296333,0,0
296334,0,0
296364,0,0
296365,0,0
296366,0,0
296367,0,0
296368,0,0
296369,0,0
296370,0,0
296371,0,0
296372,0,0
296373,0,0
296374,0,0
296376,0,0
296377,0,0
296380,0,0
296381,0,0
296382,0,0
296383,0,0
296384,0,0
296385,0,0
296387,0,0
296388,0,0
296389,0,0
296390,0,0
296392,0,0
296393,0,0
296395,0,0
296397,0,0
296398,0,0
296399,0,0
296400,0,0
296401,0,0
296402,0,0
296403,0,0
296404,0,0
296405,0,0
296406,0,0
296407,0,0
296408,0,0
296409,0,0
296411,0,0
296391,1900,3000
296412,200,0
296386,300,0
296394,0,0
296375,0,0
296378,0,0
296379,0,0
296414,0,0
296415,0,0
296417,0,0
296418,0,0
296419,0,0
296420,0,0
296421,0,0
296422,0,0
296423,0,0
296424,0,0
296425,0,0
296426,0,0
296427,0,0
296429,0,0
296430,0,0
296431,0,0
296433,0,0
296434,0,0
296435,0,0
296437,0,0
296439,0,0
296440,0,0
296441,0,0
296442,0,0
296443,0,0
296445,0,0
296446,0,0
296447,0,0
296448,0,0
296451,0,0
296452,0,0
296453,0,0
296454,0,0
296455,0,0
296456,0,0
296457,0,0
296458,0,0
296459,0,0
296460,0,0
296461,0,0
296416,100,0
296444,600,0
296413,200,0
296428,0,0
296436,0,0
296438,0,0
296462,0,0
296463,0,0
296464,0,0
296465,0,0
296466,0,0
296467,0,0
296469,0,0
296470,0,0
296472,0,0
296473,0,0
296474,0,0
296476,0,0
296477,0,0
296478,0,0
296479,0,0
296480,0,0
296481,0,0
296483,0,0
296485,0,0
296486,0,0
296487,0,0
296488,0,0
296489,0,0
296490,0,0
296493,0,0
296494,0,0
296495,0,0
296496,0,0
296497,0,0
296498,0,0
296499,0,0
296500,0,0
296501,0,0
296502,0,0
296503,0,0
296504,0,0
296505,0,0
296506,0,0
296508,0,0
296510,0,0
296475,700,0
296491,600,0
296507,0,0
296484,800,2000
296468,0,0
296482,400,1000
296492,0,0
296511,0,0
296512,0,0
296513,0,0
296514,0,0
296515,0,0
296516,0,0
296518,0,0
296521,0,0
296522,0,0
296524,0,0
296525,0,0
296526,0,0
296527,0,0
296528,0,0
296533,100,0
296535,0,0
296537,0,0
296538,0,0
296539,0,0
296540,100,0
296541,0,0
296542,100,0
296543,0,0
296544,0,0
296545,0,0
296546,0,0
296547,0,0
296548,0,0
296549,0,0
296550,0,0
296552,0,0
296555,0,0
296556,0,0
296559,0,0
296530,2500,4000
296554,200,0
296553,200,0
296536,200,0
296532,200,500
296551,2700,4000
296534,200,0
296520,0,0
296519,0,0
296523,0,0
296517,0,0
296529,0,0
296560,0,0
296561,0,0
296562,0,0
296563,0,0
296564,0,0
296565,0,0
296566,0,0
296567,0,0
296568,0,0
296569,0,0
296570,0,0
296571,0,0
296572,0,0
296573,0,0
296574,0,0
296575,0,0
296576,0,0
296578,0,0
296579,0,0
296580,0,0
296581,0,0
296582,0,0
296583,0,0
296584,0,0
296585,100,0
296588,400,0
296589,0,0
296590,0,0
296591,0,0
296592,0,0
296593,0,0
296594,0,0
296595,0,0
296596,0,0
296597,0,0
296598,0,0
296599,0,0
296601,0,0
296603,0,0
296604,0,0
296606,0,0
296607,0,0
296602,1500,0
296587,1700,2000
296608,500,0
296577,200,0
296600,0,0
296605,0,0
296609,0,0
296610,0,0
296612,0,0
296613,0,0
296614,0,0
296616,0,0
296617,0,0
296618,0,0
296619,0,0
296620,0,0
296621,0,0
296622,0,0
296623,0,0
296624,0,0
296625,0,0
296626,0,0
296627,0,0
296629,0,0
296630,0,0
296631,0,0
296632,0,0
296633,0,0
296634,0,0
296635,0,0
296636,0,0
296637,100,0
296638,0,0
296642,0,0
296643,0,0
296644,0,0
296645,0,0
296647,0,0
296648,0,0
296649,0,0
296650,0,0
296651,0,0
296652,0,0
296653,0,0
296654,0,0
296655,0,0
296656,0,0
296657,0,0
296646,500,0
296611,0,0
296640,200,0
296641,0,0
296639,0,0
296628,0,0
296658,0,0
296659,0,0
296660,0,0
296661,0,0
296663,0,0
296664,0,0
296667,0,0
296668,0,0
296670,0,0
296671,0,0
296672,0,0
296673,0,0
296674,0,0
296675,0,0
296676,0,0
296677,0,0
296679,0,0
296680,0,0
296682,0,0
296683,0,0
296684,0,0
296685,0,0
296687,0,0
296688,0,0
296689,0,0
296690,0,0
296691,0,0
296692,0,0
296693,0,0
296694,0,0
296696,0,0
296697,0,0
296698,0,0
296699,0,0
296700,0,0
296701,0,0
296702,0,0
296703,0,0
296704,0,0
296705,0,0
296706,0,0
296665,2200,0
296666,100,0
296669,0,0
296681,0,0
296695,0,0
296678,0,0
296707,0,0
296708,0,0
296709,0,0
296710,0,0
296711,0,0
296712,0,0
296713,0,0
296714,0,0
296715,0,0
296716,0,0
296718,0,0
296719,0,0
296720,0,0
296721,0,0
296722,0,0
296723,0,0
296724,0,0
296725,0,0
296728,0,0
296730,0,0
296731,0,0
296732,0,0
296733,0,0
296735,0,0
296736,0,0
296739,0,0
296740,0,0
296742,0,0
296743,0,0
296744,0,0
296746,0,0
296747,0,0
296748,0,0
296750,0,0
296751,0,0
296752,0,0
296753,0,0
296754,0,0
296755,0,0
296727,700,0
296729,1300,1500
296726,100,0
296737,300,1000
296738,300,1000
296734,2500,3000
296745,100,0
296741,200,0
296749,200,0
296756,0,0
296758,0,0
296759,0,0
296760,0,0
296761,0,0
296762,0,0
296763,0,0
296764,0,0
296766,0,0
296767,0,0
296768,0,0
296769,0,0
296770,0,0
296771,0,0
296772,0,0
296773,0,0
296777,0,0
296779,0,0
296781,0,0
296782,0,0
296783,0,0
296784,0,0
296785,0,0
296786,0,0
296787,0,0
296788,0,0
296789,0,0
296790,0,0
296791,0,0
296792,0,0
296793,0,0
296794,0,0
296795,0,0
296797,0,0
296799,0,0
296800,0,0
296802,0,0
296803,0,0
296804,0,0
296801,100,0
296757,500,0
296798,0,0
296774,0,0
296775,0,0
296776,0,0
296765,2100,3000
296796,900,2500
296780,600,2000
296805,0,0
296806,0,0
296807,0,0
296808,0,0
296809,0,0
296810,0,0
296811,0,0
296812,0,0
296813,0,0
296814,0,0
296816,0,0
296818,0,0
296819,0,0
296820,0,0
296821,0,0
296822,0,0
296823,0,0
296824,0,0
296825,0,0
296826,0,0
296827,0,0
296828,0,0
296829,0,0
296830,0,0
296831,0,0
296832,0,0
296833,0,0
296834,0,0
296835,0,0
296836,0,0
296837,0,0
296838,0,0
296839,0,0
296840,0,0
296841,0,0
296842,0,0
296843,0,0
296844,0,0
296845,0,0
296846,0,0
296847,0,0
296848,0,0
296849,0,0
296850,0,0
296851,0,0
296852,0,0
296853,0,0
296817,100,0
296854,0,0
296855,0,0
296856,0,0
296857,0,0
296858,0,0
296859,0,0
296860,0,0
296861,0,0
296862,0,0
296863,0,0
296864,0,0
296866,0,0
296867,0,0
296869,0,0
296870,0,0
296871,0,0
296872,0,0
296873,0,0
296874,0,0
296875,0,0
296876,0,0
296877,0,0
296878,0,0
296879,0,0
296880,0,0
296881,0,0
296882,0,0
296884,0,0
296885,0,0
296886,0,0
296887,0,0
296888,0,0
296889,0,0
296890,0,0
296891,0,0
296892,0,0
296893,0,0
296894,0,0
296895,0,0
296896,0,0
296897,0,0
296898,0,0
296899,0,0
296900,0,0
296901,0,0
296902,0,0
296865,100,0
296868,200,0
296903,0,0
296904,0,0
296905,0,0
296906,0,0
296907,0,0
296908,0,0
296909,0,0
296910,0,0
296911,0,0
296912,0,0
296913,0,0
296914,0,0
296915,0,0
296916,0,0
296917,0,0
296918,0,0
296919,0,0
296920,0,0
296921,0,0
296922,0,0
296925,0,0
296926,0,0
296927,0,0
296928,0,0
296932,0,0
296933,0,0
296934,0,0
296935,0,0
296936,0,0
296937,0,0
296938,0,0
296939,0,0
296940,0,0
296941,0,0
296942,0,0
296943,0,0
296944,0,0
296945,0,0
296946,0,0
296947,0,0
296948,0,0
296951,0,0
296924,800,0
296929,600,1000
296931,300,500
296930,200,0
296950,100,0
296949,100,500
296952,0,0
296954,0,0
296955,0,0
296957,0,0
296958,0,0
296959,0,0
296960,0,0
296961,0,0
296962,0,0
296963,0,0
296964,0,0
296965,0,0
296966,0,0
296967,0,0
296968,0,0
296969,0,0
296970,0,0
296971,0,0
296972,0,0
296973,0,0
296974,0,0
296975,0,0
296976,0,0
296977,0,0
296978,0,0
296979,0,0
296983,0,0
296984,0,0
296985,0,0
296986,0,0
296989,0,0
296990,0,0
296991,0,0
296992,0,0
296993,0,0
296995,0,0
296996,0,0
296997,0,0
296998,0,0
296999,0,0
297000,0,0
296953,0,0
296987,700,1000
296988,0,0
296980,800,2000
296981,700,0
296982,800,0
296994,0,0
297001,0,0
297003,0,0
297004,0,0
297005,0,0
297006,0,0
297007,0,0
297008,0,0
297009,0,0
297011,0,0
297012,0,0
297013,0,0
297016,0,0
297017,0,0
297019,0,0
297020,0,0
297021,0,0
297022,0,0
297023,0,0
297002,2300,4000
297010,500,0
297014,500,0
297018,500,0
297015,300,500
297035,100,0
297024,0,0
297025,0,0
297026,0,0
297027,0,0
297028,0,0
297029,0,0
297030,0,0
297031,0,0
297032,0,0
297033,0,0
297034,0,0
297036,0,0
297037,0,0
297038,0,0
297039,0,0
297040,0,0
297042,0,0
297045,0,0
297046,0,0
297047,0,0
297048,0,0
297049,0,0
297050,0,0
297051,0,0
297053,0,0
297054,0,0
297055,0,0
297056,0,0
297057,0,0
297058,0,0
297060,0,0
297061,0,0
297063,0,0
297064,0,0
297065,0,0
297066,0,0
297068,0,0
297069,0,0
297070,0,0
297071,0,0
297072,0,0
297073,0,0
297074,0,0
297075,0,0
297077,0,0
297078,0,0
297079,0,0
297080,0,0
297081,0,0
297084,0,0
297085,0,0
297086,0,0
297087,0,0
297088,0,0
297067,100,0
297076,0,0
297059,0,1000
297052,100,0
297044,700,0
297043,100,0
297082,100,0
297083,0,0
297041,0,1000
297089,0,0
297090,0,0
297091,0,0
297092,0,0
297093,0,0
297094,0,0
297095,0,0
297096,0,0
297097,0,0
297098,0,0
297099,0,0
297100,0,0
297101,0,0
297102,0,0
297103,0,0
297105,0,0
297106,0,0
297107,0,0
297108,0,0
297112,0,0
297113,0,0
297114,0,0
297115,0,0
297116,0,0
297117,0,0
297119,0,0
297120,0,0
297121,0,0
297124,0,0
297125,0,0
297126,0,0
297127,0,0
297128,0,0
297129,0,0
297130,0,0
297131,0,0
297132,0,0
297133,0,0
297134,0,0
297135,0,0
297136,0,0
297137,0,0
297104,500,0
297110,100,0
297123,100,0
297122,500,0
297111,0,1000
297118,100,0
297138,0,0
297139,0,0
297140,0,0
297141,0,0
297142,0,0
297143,0,0
297144,0,0
297146,0,0
297147,0,0
297148,0,0
297150,0,0
297151,0,0
297152,0,0
297153,0,0
297154,0,0
297155,0,0
297156,0,0
297157,0,0
297158,0,0
297159,0,0
297160,0,0
297161,0,0
297162,0,0
297163,0,0
297164,0,0
297166,0,0
297167,0,0
297169,0,0
297170,0,0
297171,0,0
297172,0,0
297173,0,0
297175,0,0
297176,0,0
297178,0,0
297179,0,0
297180,0,0
297181,0,0
297182,0,0
297183,0,0
297184,0,0
297186,0,0
297174,100,0
297168,500,0
297165,600,1000
297177,200,0
297185,300,0
297149,0,0
297187,0,0
297188,0,0
297189,0,0
297190,0,0
297191,0,0
297192,0,0
297193,0,0
297194,0,0
297195,0,0
297196,0,0
297197,0,0
297198,0,0
297199,0,0
297200,0,0
297202,0,0
297203,0,0
297204,0,0
297205,0,0
297207,0,0
297208,0,0
297209,0,0
297210,0,0
297212,0,0
297213,0,0
297214,0,0
297215,0,0
297216,0,0
297217,0,0
297218,0,0
297219,0,0
297220,0,0
297221,0,0
297222,0,0
297223,0,0
297224,0,0
297225,0,0
297226,0,0
297227,0,0
297228,0,0
297229,0,0
295094,800,1500
297211,200,0
297206,200,0
297201,100,0
